ID,IMG,Time,X,Y
19300,7,321.9478,909,712
19301,8,321.9641,911,712
19302,8,321.9806,913,715
19303,8,321.9975,913,717
19304,8,322.0138,911,717
19305,8,322.0307,909,717
19306,8,322.0469,908,718
19307,8,322.0638,907,717
19308,8,322.0801,909,717
19309,8,322.0965,909,717
19310,8,322.1132,910,718
19311,8,322.1298,910,719
19312,8,322.1465,910,719
19313,8,322.1628,910,719
19314,8,322.1797,911,719
19315,8,322.1959,912,720
19316,8,322.2127,912,719
19317,8,322.2292,910,718
19318,8,322.2457,902,713
19319,8,322.2622,847,687
19320,8,322.2788,806,664
19321,8,322.2954,728,618
19322,8,322.312,705,604
19323,8,322.3285,695,595
19324,8,322.345,694,595
19325,8,322.3616,681,567
19326,8,322.3784,670,536
19327,8,322.3949,648,466
19328,8,322.4114,641,440
19329,8,322.4281,637,420
19330,8,322.4444,636,419
19331,8,322.461,635,420
19332,8,322.4781,636,420
19333,8,322.4945,636,418
19334,8,322.5108,635,417
19335,8,322.5275,636,414
19336,8,322.5441,640,412
19337,8,322.5604,650,411
19338,8,322.577,655,412
19339,8,322.594,661,416
19340,8,322.61,662,418
19341,8,322.6268,664,417
19342,8,322.6432,664,415
19343,8,322.6602,664,411
19344,8,322.6764,665,411
19345,8,322.693,667,413
19346,8,322.7096,668,414
19347,8,322.7262,668,417
19348,8,322.7427,666,417
19349,8,322.7592,666,418
19350,8,322.7759,666,419
19351,8,322.7924,666,419
19352,8,322.809,666,418
19353,8,322.8256,665,418
19354,8,322.8421,665,418
19355,8,322.8587,666,419
19356,8,322.8752,666,419
19357,8,322.8918,664,419
19358,8,322.9083,663,420
19359,8,322.9248,666,427
19360,8,322.9425,674,434
19361,8,322.958,712,474
19362,8,322.9753,741,510
19363,8,322.9913,811,607
19364,8,323.0077,839,652
19365,8,323.0245,873,712
19366,8,323.0408,879,724
19367,8,323.0579,881,729
19368,8,323.0739,882,729
19369,8,323.0907,883,726
19370,8,323.1071,883,725
19371,8,323.124,886,726
19372,8,323.1402,887,727
19373,8,323.1571,888,730
19374,8,323.1733,888,731
19375,8,323.1901,888,731
19376,8,323.2065,885,732
19377,8,323.2235,886,734
19378,8,323.2396,886,733
19379,8,323.2566,887,732
19380,8,323.2736,890,730
19381,8,323.2897,890,730
19382,8,323.306,891,729
19383,8,323.3224,891,731
19384,8,323.3395,891,735
19385,8,323.3556,892,735
19386,8,323.3722,892,739
19387,8,323.3888,893,746
19388,8,323.4053,901,768
19389,8,323.4223,905,781
19390,8,323.4384,911,800
19391,8,323.4549,912,802
19392,8,323.4716,911,804
19393,8,323.4882,911,804
19394,8,323.5047,912,804
19395,8,323.5213,912,804
19396,8,323.5382,911,803
19397,8,323.5546,911,803
19398,8,323.571,909,803
19399,8,323.5875,902,798

19400,8,323.6043,873,781
19401,8,323.6207,857,772
19402,8,323.6372,834,759
19403,8,323.654,830,758
19404,8,323.6703,829,758
19405,8,323.6873,833,759
19406,8,323.7035,872,764
19407,8,323.7202,914,770
19408,8,323.7367,1017,779
19409,8,323.7532,1060,782
19410,8,323.7704,1099,786
19411,8,323.7863,1101,788
19412,8,323.8032,1100,791
19413,8,323.8195,1101,791
19414,8,323.8363,1101,791
19415,8,323.8527,1101,791
19416,8,323.8693,1107,791
19417,8,323.8858,1112,791
19418,8,323.9024,1124,790
19419,8,323.9189,1129,791
19420,8,323.9355,1132,794
19421,8,323.952,1131,795
19422,8,323.969,1127,796
19423,8,323.9851,1125,797
19424,8,324.0017,1115,799
19425,8,324.0184,1098,802
19426,8,324.0349,1044,816
19427,8,324.0514,1015,824
19428,8,324.068,981,835
19429,8,324.0845,978,837
19430,8,324.1011,977,837
19431,8,324.118,977,836
19432,8,324.1342,973,835
19433,8,324.1508,968,835
19434,8,324.1674,946,840
19435,8,324.184,933,844
19436,8,324.2005,910,851
19437,8,324.2175,903,853
19438,8,324.2341,898,853
19439,8,324.2503,898,852
19440,8,324.2671,897,852
19441,8,324.2834,897,852
19442,8,324.2999,897,853
19443,8,324.317,899,849
19444,8,324.3332,907,827
19445,8,324.3503,913,809
19446,8,324.3663,921,773
19447,8,324.3829,923,761
19448,8,324.3994,923,753
19449,8,324.4159,923,752
19450,8,324.4326,924,750
19451,8,324.4489,926,748
19452,8,324.4658,926,748
19453,8,324.4824,923,750
19454,8,324.4989,921,750
19455,8,324.5153,920,750
19456,8,324.532,919,750
19457,8,324.5484,920,751
19458,8,324.5651,922,749
19459,8,324.5818,931,744
19460,8,324.5985,935,741
19461,8,324.6148,940,742
19462,8,324.6314,940,743
19463,8,324.6479,940,742
19464,8,324.6644,939,742
19465,8,324.6811,937,741
19466,8,324.6977,936,741
19467,8,324.7141,937,741
19468,8,324.7307,936,741
19469,8,324.7478,942,734
19470,8,324.764,949,727
19471,8,324.7805,963,712
19472,8,324.7972,968,706
19473,8,324.8136,971,702
19474,8,324.8302,972,702
19475,8,324.8469,974,701
19476,8,324.8633,976,700
19477,8,324.8798,976,697
19478,8,324.8964,974,696
19479,8,324.913,970,696
19480,8,324.9296,968,696
19481,8,324.9461,966,694
19482,8,324.9627,967,692
19483,8,324.9792,968,692
19484,8,324.9958,969,692
19485,8,325.0124,974,701
19486,8,325.0289,982,715
19487,8,325.0456,1002,752
19488,8,325.062,1011,771
19489,8,325.0789,1020,791
19490,8,325.0952,1018,793
19491,8,325.1123,1013,792
19492,8,325.1284,1013,791
19493,8,325.1445,1017,790
19494,8,325.1616,1020,791
19495,8,325.1777,1020,792
19496,8,325.195,1019,793
19497,8,325.2112,1019,795
19498,8,325.2277,1022,797
19499,8,325.2444,1031,804

19500,8,325.2608,1035,806
19501,8,325.2781,1038,808
19502,8,325.294,1037,808
19503,8,325.3106,1036,807
19504,8,325.3271,1034,808
19505,8,325.3437,1033,809
19506,8,325.3602,1033,809
19507,8,325.3768,1033,810
19508,8,325.3934,1043,803
19509,8,325.4099,1053,797
19510,8,325.4267,1076,783
19511,8,325.4431,1085,777
19512,8,325.4597,1094,773
19513,8,325.4762,1095,773
19514,8,325.4928,1096,777
19515,8,325.5094,1097,780
19516,8,325.5259,1097,784
19517,8,325.5424,1096,783
19518,8,325.5591,1095,780
19519,8,325.5756,1096,780
19520,8,325.5921,1099,782
19521,8,325.6091,1101,783
19522,8,325.6255,1101,783
19523,8,325.6419,1101,783
19524,8,325.6584,1100,781
19525,8,325.675,1100,780
19526,8,325.6916,1076,773
19527,8,325.7082,1036,766
19528,8,325.7251,901,740
19529,8,325.7412,829,726
19530,8,325.7578,739,705
19531,8,325.7747,728,701
19532,8,325.791,730,699
19533,8,325.8074,731,700
19534,8,325.8241,732,700
19535,8,325.8409,731,701
19536,8,325.8575,729,700
19537,8,325.8737,728,699
19538,8,325.8903,727,697
19539,8,325.9069,727,696
19540,8,325.9234,724,697
19541,8,325.9401,724,698
19542,8,325.9568,724,697
19543,8,325.9731,724,696
19544,8,325.9898,724,692
19545,8,326.0064,723,691
19546,8,326.0228,724,689
19547,8,326.0394,725,689
19548,8,326.056,727,694
19549,8,326.0725,727,695
19550,8,326.0892,723,696
19551,8,326.1057,722,695
19552,8,326.1223,721,690
19553,8,326.1388,720,687
19554,8,326.1558,717,680
19555,8,326.1719,714,677
19556,8,326.189,709,673
19557,8,326.205,709,671
19558,8,326.2216,711,667
19559,8,326.2384,712,666
19560,8,326.2548,714,665
19561,8,326.2714,715,665
19562,8,326.2885,715,663
19563,8,326.3044,715,662
19564,8,326.3211,713,661
19565,8,326.3376,722,670
19566,8,326.3543,741,685
19567,8,326.3708,795,735
19568,8,326.3874,821,761
19569,8,326.4039,848,796
19570,8,326.4207,850,802
19571,8,326.437,849,801
19572,8,326.462,850,799
19573,8,326.4705,854,799
19574,8,326.4868,856,800
19575,8,326.5033,857,803
19576,8,326.5201,857,806
19577,8,326.5364,860,818
19578,8,326.5533,864,825
19579,8,326.5695,870,834
19580,8,326.5864,870,835
19581,8,326.6031,868,834
19582,8,326.6193,867,833
19583,8,326.6358,864,832
19584,8,326.6524,863,831
19585,8,326.6689,863,832
19586,8,326.6859,864,832
19587,8,326.7028,867,831
19588,8,326.7188,868,831
19589,8,326.7352,872,823
19590,8,326.7521,876,807
19591,8,326.7684,885,748
19592,8,326.785,891,716
19593,8,326.8017,901,674
19594,8,326.8181,905,667
19595,8,326.8347,913,669
19596,8,326.8512,915,669
19597,8,326.8678,918,669
19598,8,326.8844,918,670
19599,8,326.9009,919,672

19600,8,326.9174,919,673
19601,8,326.9347,918,671
19602,8,326.9505,918,670
19603,8,326.9685,919,670
19604,8,326.9838,922,672
19605,8,327.0008,935,681
19606,8,327.0169,940,686
19607,8,327.0342,948,693
19608,8,327.05,949,695
19609,8,327.0667,949,698
19610,8,327.0832,950,699
19611,8,327.0998,950,699
19612,8,327.1163,949,698
19613,8,327.1328,947,695
19614,8,327.1494,948,694
19615,8,327.1659,951,692
19616,8,327.183,952,694
19617,8,327.1991,953,698
19618,8,327.2157,952,698
19619,8,327.2323,950,696
19620,8,327.2488,949,695
19621,8,327.2654,948,693
19622,8,327.2819,948,693
19623,8,327.2985,950,694
19624,8,327.3155,951,694
19625,8,327.3318,953,695
19626,8,327.3482,958,697
19627,8,327.3649,993,709
19628,8,327.3814,1021,720
19629,8,327.398,1071,737
19630,8,327.4146,1086,742
19631,8,327.4315,1090,744
19632,8,327.4477,1088,744
19633,8,327.4645,1087,743
19634,8,327.4809,1089,741
19635,8,327.4975,1090,741
19636,8,327.5142,1093,744
19637,8,327.5305,1095,745
19638,8,327.5469,1094,745
19639,8,327.5636,1093,744
19640,8,327.5802,1093,745
19641,8,327.5966,1093,745
19642,8,327.6141,1094,746
19643,8,327.6304,1094,746
19644,8,327.6465,1101,747
19645,8,327.6631,1109,749
19646,8,327.6797,1127,751
19647,8,327.6962,1133,751
19648,8,327.7128,1137,752
19649,8,327.7293,1137,753
19650,8,327.7458,1136,752
19651,8,327.7624,1135,752
19652,8,327.7791,1133,753
19653,8,327.7955,1132,754
19654,8,327.8121,1131,755
19655,8,327.8287,1131,754
19656,8,327.8456,1130,751
19657,8,327.8619,1130,751
19658,8,327.8785,1128,751
19659,8,327.895,1129,752
19660,8,327.9116,1111,750
19661,8,327.9282,1079,742
19662,8,327.9448,961,709
19663,8,327.9613,898,689
19664,8,327.9778,816,664
19665,8,327.9943,803,661
19666,8,328.011,802,664
19667,8,328.0275,803,665
19668,8,328.044,804,665
19669,8,328.0611,804,664
19670,8,328.0772,806,664
19671,8,328.0937,807,665
19672,8,328.1103,803,666
19673,8,328.1269,795,666
19674,8,328.1437,770,662
19675,8,328.1599,756,661
19676,8,328.1766,742,662
19677,8,328.1931,742,663
19678,8,328.2098,742,663
19679,8,328.2262,743,662
19680,8,328.2431,743,660
19681,8,328.2593,741,661
19682,8,328.276,739,664
19683,8,328.2927,739,666
19684,8,328.3091,739,666
19685,8,328.3256,757,670
19686,8,328.3427,841,696
19687,8,328.3589,910,716
19688,8,328.3753,985,739
19689,8,328.3922,1103,774
19690,8,328.4085,1131,782
19691,8,328.4252,1142,784
19692,8,328.4416,1141,783
19693,8,328.4581,1140,782
19694,8,328.4747,1140,782
19695,8,328.4913,1140,782
19696,8,328.509,1141,783
19697,8,328.5246,1141,784
19698,8,328.5413,1140,784
19699,8,328.5578,1130,785

19700,8,328.5742,1124,785
19701,8,328.5906,1113,787
19702,8,328.6073,1111,788
19703,8,328.6239,1113,789
19704,8,328.6404,1114,789
19705,8,328.6569,1113,788
19706,8,328.6739,1112,788
19707,8,328.6901,1110,786
19708,8,328.7066,1109,785
19709,8,328.7232,1110,785
19710,8,328.7401,1110,786
19711,8,328.7563,1110,788
19712,8,328.7729,1110,787
19713,8,328.7895,1111,787
19714,8,328.8061,1112,786
19715,8,328.8226,1110,786
19716,8,328.8394,1108,786
19717,8,328.8557,1107,787
19718,8,328.8723,1108,787
19719,8,328.8889,1110,784
19720,8,328.9057,1110,783
19721,8,328.9225,1111,784
19722,8,328.9386,1112,785
19723,8,328.9555,1114,786
19724,8,328.9717,1115,786
19725,8,328.9883,1115,786
19726,8,329.0049,1115,786
19727,8,329.0216,1114,785
19728,8,329.038,1113,784
19729,8,329.0548,1111,783
19730,8,329.0711,1111,783
19731,8,329.0882,1111,783
19732,8,329.1042,1111,784
19733,8,329.1212,1110,788
19734,8,329.1373,1110,788
19735,8,329.1539,1112,788
19736,8,329.1714,1112,788
19737,8,329.1872,1112,785
19738,8,329.2037,1111,785
19739,8,329.2202,1110,784
19740,8,329.2368,1111,784
19741,8,329.2533,1110,786
19742,8,329.2702,1109,787
19743,8,329.2866,1109,786
19744,8,329.303,1110,785
19745,8,329.3199,1114,784
19746,8,329.3362,1114,788
19747,8,329.3535,1113,794
19748,8,329.3693,1112,792
19749,8,329.386,1115,782
19750,8,329.4024,1118,775
19751,8,329.4191,1119,770
19752,8,329.4356,1121,770
19753,8,329.4523,1121,771
19754,8,329.4687,1122,772
19755,8,329.486,1123,772
19756,8,329.5019,1123,773
19757,8,329.5186,1121,774
19758,8,329.535,1120,775
19759,8,329.5521,1121,774
19760,8,329.5681,1122,773
19761,8,329.5847,1121,773
19762,8,329.6014,1118,775
19763,8,329.6179,1119,776
19764,8,329.6345,1121,777
19765,8,329.651,1123,777
19766,8,329.6675,1122,779
19767,8,329.6844,1122,779
19768,8,329.7013,1124,779
19769,8,329.7172,1124,778
19770,8,329.7339,1124,778
19771,8,329.7503,1124,778
19772,8,329.7669,1123,778
19773,8,329.7838,1122,779
19774,8,329.8,1120,778
19775,8,329.8169,1121,778
19776,8,329.8332,1122,778
19777,8,329.8504,1124,779
19778,8,329.8662,1124,781
19779,8,329.8826,1124,781
19780,8,329.8994,1125,780
19781,8,329.916,1125,780
19782,8,329.9326,1122,780
19783,8,329.9492,1122,781
19784,8,329.9658,1120,781
19785,8,329.9823,1120,782
19786,8,329.9988,1121,783
19787,8,330.0159,1121,783
19788,8,330.0323,1122,784
19789,8,330.0485,1122,784
19790,8,330.0655,1122,785
19791,8,330.0817,1122,786
19792,8,330.0987,1122,786
19793,8,330.1148,1122,786
19794,8,330.1315,1122,785
19795,8,330.1479,1121,785
19796,8,330.1646,1119,785
19797,8,330.181,1118,785
19798,8,330.198,1116,785
19799,8,330.2142,1116,786

19800,8,330.2308,1096,786
19801,8,330.2474,1070,784
19802,8,330.2641,1006,778
19803,8,330.2805,978,777
19804,8,330.2971,952,777
19805,8,330.3136,950,778
19806,8,330.3303,952,779
19807,8,330.3467,953,778
19808,8,330.3633,951,780
19809,8,330.3804,941,786
19810,8,330.3969,909,808
19811,8,330.4131,892,821
19812,8,330.4297,873,838
19813,8,330.4461,871,840
19814,8,330.4629,870,840
19815,8,330.4794,871,840
19816,8,330.496,874,841
19817,8,330.5124,874,841
19818,8,330.5295,874,840
19819,8,330.5458,873,839
19820,8,330.5622,871,839
19821,8,330.5793,867,842
19822,8,330.5953,865,843
19823,8,330.6124,861,846
19824,8,330.6286,861,846
19825,8,330.6449,860,847
19826,8,330.6615,860,847
19827,8,330.6781,859,846
19828,8,330.6946,858,845
19829,8,330.7114,860,844
19830,8,330.7278,862,844
19831,8,330.7444,862,845
19832,8,330.7614,860,845
19833,8,330.7775,857,845
19834,8,330.7947,856,846
19835,8,330.8114,857,846
19836,8,330.8278,857,845
19837,8,330.8438,858,847
19838,8,330.8605,858,848
19839,8,330.877,857,848
19840,8,330.8935,858,847
19841,8,330.9101,868,831
19842,8,330.9267,878,815
19843,8,330.9434,899,777
19844,8,330.9601,908,760
19845,8,330.9764,914,747
19846,8,330.993,915,746
19847,8,331.0096,918,748
19848,8,331.0263,919,749
19849,8,331.0429,921,750
19850,8,331.0591,921,750
19851,8,331.0763,922,750
19852,8,331.0923,921,749
19853,8,331.1092,921,748
19854,8,331.1256,920,747
19855,8,331.1419,920,743
19856,8,331.1585,920,738
19857,8,331.1751,922,729
19858,8,331.1923,922,726
19859,8,331.2083,922,724
19860,8,331.2248,921,725
19861,8,331.2415,921,725
19862,8,331.2581,921,725
19863,8,331.2747,921,724
19864,8,331.2911,921,724
19865,8,331.3079,921,724
19866,8,331.3242,922,724
19867,8,331.3408,924,725
19868,8,331.3578,925,725
19869,8,331.3739,925,724
19870,8,331.3908,923,724
19871,8,331.4071,921,723
19872,8,331.4237,921,724
19873,8,331.4402,921,726
19874,8,331.4567,920,726
19875,8,331.4738,919,723
19876,8,331.4901,918,723
19877,8,331.5066,917,724
19878,8,331.523,923,722
19879,8,331.5399,929,718
19880,8,331.5561,937,707
19881,8,331.5729,939,703
19882,8,331.5892,938,701
19883,8,331.606,938,702
19884,8,331.6223,940,705
19885,8,331.6389,940,705
19886,8,331.6554,942,703
19887,8,331.672,942,702
19888,8,331.6886,942,700
19889,8,331.7057,942,699
19890,8,331.722,938,701
19891,8,331.7383,936,702
19892,8,331.7549,933,703
19893,8,331.7714,933,702
19894,8,331.7884,933,701
19895,8,331.8046,934,701
19896,8,331.8211,931,701
19897,8,331.8377,925,706
19898,8,331.8544,895,758
19899,8,331.8709,884,804

19900,8,331.889,903,924
19901,8,331.9055,940,967
19902,8,331.9222,960,939
19903,8,331.9387,953,883
19904,8,331.9561,940,758
19905,8,331.9718,941,721
19906,8,331.9884,952,690
19907,8,332.0049,947,684
19908,8,332.0215,949,683
19909,8,332.0381,948,684
19910,8,332.0547,945,684
19911,8,332.0712,944,683
19912,8,332.0879,946,682
19913,8,332.1048,949,683
19914,8,332.1211,958,689
19915,8,332.1375,962,692
19916,8,332.154,968,698
19917,8,332.1707,969,699
19918,8,332.1871,971,700
19919,8,332.2041,973,701
19920,8,332.2203,974,703
19921,8,332.2371,975,703
19922,8,332.2535,975,702
19923,8,332.2705,976,701
19924,8,332.2866,976,700
19925,8,332.3032,976,700
19926,8,332.3197,977,702
19927,8,332.3364,977,703
19928,8,332.3531,975,704
19929,8,332.3694,974,705
19930,8,332.386,974,702
19931,8,332.4026,975,701
19932,8,332.4191,968,699
19933,8,332.436,961,697
19934,8,332.4522,945,696
19935,8,332.4688,940,696
19936,8,332.4854,936,696
19937,8,332.5022,935,695
19938,8,332.5186,934,693
19939,8,332.5352,933,692
19940,8,332.5518,932,693
19941,8,332.5683,931,692
19942,8,332.5849,931,691
19943,8,332.6014,931,691
19944,8,332.6179,935,694
19945,8,332.6349,938,696
19946,8,332.6512,944,700
19947,8,332.6676,946,701
19948,8,332.6842,949,704
19949,8,332.7007,950,705
19950,8,332.7174,949,704
19951,8,332.7343,947,704
19952,8,332.7507,944,702
19953,8,332.767,943,702
19954,8,332.7837,941,702
19955,8,332.8001,941,702
19956,8,332.8168,940,702
19957,8,332.8336,940,703
19958,8,332.8505,940,703
19959,8,332.8666,941,703
19960,8,332.8832,942,702
19961,8,332.8996,945,699
19962,8,332.9163,945,698
19963,8,332.9328,944,698
19964,8,332.9493,943,698
19965,8,332.9658,941,700
19966,8,332.9824,937,702
19967,8,332.9991,925,707
19968,8,333.0155,918,709
19969,8,333.0326,911,711
19970,8,333.0486,912,712
19971,8,333.0652,913,713
19972,8,333.0818,914,713
19973,8,333.0989,915,712
19974,8,333.1151,914,711
19975,8,333.1315,912,710
19976,8,333.1481,911,709
19977,8,333.1647,911,709
19978,8,333.1812,911,709
19979,8,333.1978,910,711
19980,8,333.2144,910,711
19981,8,333.231,909,710
19982,8,333.2475,910,710
19983,8,333.2641,910,710
19984,8,333.2806,911,710
19985,8,333.2974,914,711
19986,8,333.3138,915,710
19987,8,333.3303,916,711
19988,8,333.3474,915,711
19989,8,333.3636,913,711
19990,8,333.3804,912,711
19991,8,333.3967,913,711
19992,8,333.4132,913,710
19993,8,333.4297,912,710
19994,8,333.4463,910,710
19995,8,333.463,906,710
19996,8,333.4798,906,709
19997,8,333.496,908,710
19998,8,333.5126,910,711
19999,8,333.5291,913,713

20000,8,333.5474,915,716
20001,8,333.5641,916,719
20002,8,333.5804,912,722
20003,8,333.597,924,753
20004,8,333.6136,919,799
20005,8,333.6308,833,920
20006,8,333.6469,772,966
20007,8,333.6636,624,1052
20008,8,333.6799,639,978
20009,8,333.6964,744,848
20010,8,333.713,803,810
20011,8,333.7297,877,737
20012,8,333.7461,898,711
20013,8,333.7628,926,690
20014,8,333.7793,933,690
20015,8,333.7964,932,692
20016,8,333.8124,932,694
20017,8,333.829,931,695
20018,8,333.8455,930,695
20019,8,333.8624,913,697
20020,8,333.8789,893,703
20021,8,333.8953,846,725
20022,8,333.9118,825,737
20023,8,333.9284,805,754
20024,8,333.945,802,757
20025,8,333.9615,799,759
20026,8,333.9781,799,758
20027,8,333.9947,798,756
20028,8,334.0112,798,756
20029,8,334.0278,798,757
20030,8,334.0443,799,757
20031,8,334.0613,797,756
20032,8,334.0775,794,755
20033,8,334.0941,784,753
20034,8,334.1106,779,753
20035,8,334.1271,773,752
20036,8,334.1538,772,751
20037,8,334.1605,773,750
20038,8,334.1769,773,749
20039,8,334.1937,772,750
20040,8,334.2101,774,748
20041,8,334.2267,784,738
20042,8,334.2436,837,690
20043,8,334.2598,871,660
20044,8,334.2766,927,613
20045,8,334.2931,940,605
20046,8,334.3095,945,604
20047,8,334.326,945,606
20048,8,334.343,946,608
20049,8,334.3591,946,607
20050,8,334.3756,944,606
20051,8,334.3932,943,605
20052,8,334.4088,942,607
20053,8,334.4254,942,609
20054,8,334.442,943,612
20055,8,334.4585,944,613
20056,8,334.4751,943,612
20057,8,334.4922,945,612
20058,8,334.509,959,621
20059,8,334.5248,968,629
20060,8,334.5414,983,642
20061,8,334.5579,987,645
20062,8,334.5744,988,645
20063,8,334.5914,988,644
20064,8,334.6084,987,646
20065,8,334.6241,987,646
20066,8,334.6407,987,647
20067,8,334.6573,988,648
20068,8,334.674,987,649
20069,8,334.6906,985,648
20070,8,334.7069,971,638
20071,8,334.7236,962,632
20072,8,334.7401,946,624
20073,8,334.757,943,622
20074,8,334.7733,942,622
20075,8,334.7898,940,621
20076,8,334.8069,937,622
20077,8,334.8229,936,623
20078,8,334.8396,937,627
20079,8,334.8571,938,629
20080,8,334.8726,939,630
20081,8,334.8892,939,629
20082,8,334.9059,939,627
20083,8,334.9223,938,627
20084,8,334.9392,936,626
20085,8,334.9554,936,626
20086,8,334.9721,936,629
20087,8,334.9886,936,631
20088,8,335.0052,938,635
20089,8,335.0218,936,636
20090,8,335.0388,916,652
20091,8,335.0548,897,670
20092,8,335.0716,856,713
20093,8,335.088,843,731
20094,8,335.1048,832,746
20095,8,335.1211,832,748
20096,8,335.1378,832,749
20097,8,335.1542,833,747
20098,8,335.1713,835,745
20099,8,335.1875,835,745

20100,8,335.2065,833,747
20101,8,335.223,833,749
20102,8,335.2395,832,751
20103,8,335.2561,832,751
20104,8,335.2726,843,738
20105,8,335.2892,856,724
20106,8,335.3061,896,685
20107,8,335.3225,916,668
20108,8,335.3394,938,649
20109,8,335.3554,941,646
20110,8,335.3724,943,647
20111,8,335.3885,942,648
20112,8,335.4053,941,650
20113,8,335.4217,942,650
20114,8,335.4382,945,638
20115,8,335.4551,948,627
20116,8,335.4714,954,604
20117,8,335.4885,956,598
20118,8,335.5046,958,594
20119,8,335.5214,957,594
20120,8,335.5378,955,593
20121,8,335.5545,955,593
20122,8,335.571,956,593
20123,8,335.5877,957,595
20124,8,335.6041,958,596
20125,8,335.6205,958,598
20126,8,335.6377,957,597
20127,8,335.6539,956,596
20128,8,335.6703,959,595
20129,8,335.6871,970,592
20130,8,335.7034,976,591
20131,8,335.72,984,589
20132,8,335.7365,986,589
20133,8,335.7531,986,589
20134,8,335.7696,986,589
20135,8,335.7864,987,590
20136,8,335.8028,987,591
20137,8,335.8194,989,590
20138,8,335.836,989,590
20139,8,335.8525,992,590
20140,8,335.8691,994,590
20141,8,335.8857,1002,591
20142,8,335.9022,1006,591
20143,8,335.9188,1012,590
20144,8,335.9357,1012,590
20145,8,335.9519,1010,589
20146,8,335.9685,1010,588
20147,8,335.985,1013,589
20148,8,336.0016,1014,589
20149,8,336.0183,1012,591
20150,8,336.0348,1010,592
20151,8,336.0514,1007,592
20152,8,336.068,1005,591
20153,8,336.0854,999,586
20154,8,336.101,995,584
20155,8,336.1176,989,584
20156,8,336.1341,989,585
20157,8,336.1516,988,585
20158,8,336.1674,988,585
20159,8,336.1838,990,581
20160,8,336.2005,990,581
20161,8,336.2175,990,579
20162,8,336.2335,990,579
20163,8,336.2502,990,580
20164,8,336.2668,990,580
20165,8,336.2834,989,584
20166,8,336.2998,989,584
20167,8,336.3173,988,586
20168,8,336.3329,988,587
20169,8,336.3497,988,587
20170,8,336.3661,987,587
20171,8,336.3826,987,585
20172,8,336.3992,988,584
20173,8,336.416,989,585
20174,8,336.4324,989,586
20175,8,336.4489,988,590
20176,8,336.4654,989,595
20177,8,336.4823,988,606
20178,8,336.4986,987,611
20179,8,336.5159,986,615
20180,8,336.5318,985,616
20181,8,336.5484,986,617
20182,8,336.5648,987,617
20183,8,336.5822,989,618
20184,8,336.5981,989,618
20185,8,336.6148,967,619
20186,8,336.6311,937,619
20187,8,336.6486,866,619
20188,8,336.6645,838,620
20189,8,336.6809,818,622
20190,8,336.6973,813,626
20191,8,336.7141,814,627
20192,8,336.7305,814,627
20193,8,336.7472,815,626
20194,8,336.7636,816,627
20195,8,336.7802,816,629
20196,8,336.7967,817,631
20197,8,336.8134,818,631
20198,8,336.8299,817,631
20199,8,336.8466,816,630

20200,8,336.8646,814,627
20201,8,336.8814,814,626
20202,8,336.8978,814,627
20203,8,336.9145,815,628
20204,8,336.9312,815,628
20205,8,336.9476,816,628
20206,8,336.964,817,628
20207,8,336.9811,819,628
20208,8,336.9971,819,628
20209,8,337.0141,820,627
20210,8,337.0305,821,626
20211,8,337.0468,820,626
20212,8,337.0639,818,624
20213,8,337.08,817,624
20214,8,337.0965,816,623
20215,8,337.1132,815,624
20216,8,337.1296,817,625
20217,8,337.1464,823,626
20218,8,337.1628,838,629
20219,8,337.1794,845,630
20220,8,337.1962,849,631
20221,8,337.2126,847,631
20222,8,337.2292,845,632
20223,8,337.2458,845,633
20224,8,337.2623,845,635
20225,8,337.2788,844,636
20226,8,337.2953,845,634
20227,8,337.312,845,632
20228,8,337.3285,865,634
20229,8,337.3452,899,639
20230,8,337.3618,995,651
20231,8,337.3781,1042,656
20232,8,337.3947,1101,659
20233,8,337.4113,1111,658
20234,8,337.4284,1116,654
20235,8,337.4445,1117,653
20236,8,337.461,1118,654
20237,8,337.4778,1118,655
20238,8,337.4942,1119,656
20239,8,337.5108,1120,656
20240,8,337.5274,1120,657
20241,8,337.5439,1120,658
20242,8,337.5604,1118,659
20243,8,337.5769,1117,658
20244,8,337.5937,1109,655
20245,8,337.6101,1103,654
20246,8,337.6271,1089,652
20247,8,337.6433,1085,652
20248,8,337.6599,1083,652
20249,8,337.6764,1082,652
20250,8,337.6932,1081,652
20251,8,337.7096,1081,654
20252,8,337.7261,1083,656
20253,8,337.743,1085,657
20254,8,337.7592,1086,655
20255,8,337.7758,1085,654
20256,8,337.7925,1082,654
20257,8,337.8092,1080,655
20258,8,337.8255,1074,657
20259,8,337.842,1071,656
20260,8,337.8586,1069,655
20261,8,337.8752,1070,655
20262,8,337.8918,1073,656
20263,8,337.9089,1072,658
20264,8,337.9255,1067,661
20265,8,337.9415,1066,661
20266,8,337.958,1066,660
20267,8,337.9745,1067,660
20268,8,337.9911,1067,658
20269,8,338.0079,1067,656
20270,8,338.0242,1064,653
20271,8,338.0409,1062,651
20272,8,338.0575,1061,648
20273,8,338.0739,1061,646
20274,8,338.0909,1062,645
20275,8,338.107,1062,646
20276,8,338.124,1060,649
20277,8,338.1404,1059,650
20278,8,338.1569,1057,651
20279,8,338.1738,1055,652
20280,8,338.1899,1054,651
20281,8,338.2064,1056,650
20282,8,338.2235,1058,649
20283,8,338.2396,1059,649
20284,8,338.2562,1059,649
20285,8,338.2729,1057,650
20286,8,338.2893,1056,650
20287,8,338.3063,1053,652
20288,8,338.3226,1052,652
20289,8,338.339,1052,653
20290,8,338.3556,1053,653
20291,8,338.3722,1052,653
20292,8,338.3897,1053,653
20293,8,338.4052,1052,650
20294,8,338.4219,1052,651
20295,8,338.4388,1049,655
20296,8,338.455,1047,656
20297,8,338.4716,1043,657
20298,8,338.4884,1040,656
20299,8,338.5046,1034,654

20300,8,338.5214,1033,654
20301,8,338.538,1033,655
20302,8,338.5545,1033,655
20303,8,338.5711,1034,656
20304,8,338.5875,1034,657
20305,8,338.6041,1034,660
20306,8,338.6207,1035,661
20307,8,338.6372,1035,661
20308,8,338.6538,1037,660
20309,8,338.6707,1040,657
20310,8,338.687,1045,656
20311,8,338.7035,1058,657
20312,8,338.7201,1065,656
20313,8,338.7366,1075,657
20314,8,338.7533,1077,658
20315,8,338.77,1078,660
20316,8,338.7864,1079,660
20317,8,338.8029,1080,661
20318,8,338.8198,1080,661
20319,8,338.8362,1079,660
20320,8,338.8529,1079,660
20321,8,338.8694,1078,659
20322,8,338.8859,1077,659
20323,8,338.9024,1076,660
20324,8,338.9189,1075,660
20325,8,338.9358,1074,659
20326,8,338.9521,1074,660
20327,8,338.9687,1076,659
20328,8,338.9852,1077,658
20329,8,339.0019,1079,658
20330,8,339.0183,1079,657
20331,8,339.0351,1079,657
20332,8,339.0516,1080,658
20333,8,339.0685,1080,659
20334,8,339.0854,1080,660
20335,8,339.1016,1079,660
20336,8,339.1178,1078,658
20337,8,339.1347,1077,658
20338,8,339.151,1065,659
20339,8,339.1671,1054,659
20340,8,339.1837,1035,657
20341,8,339.2003,1030,656
20342,8,339.2166,1027,654
20343,8,339.2331,1027,655
20344,8,339.2497,1025,656
20345,8,339.2662,1025,657
20346,8,339.2828,1024,657
20347,8,339.2994,1024,657
20348,8,339.3159,1025,656
20349,8,339.3325,1026,656
20350,8,339.3497,1026,656
20351,8,339.366,1026,657
20352,8,339.3825,1025,659
20353,8,339.3991,1024,659
20354,8,339.4157,1025,660
20355,8,339.4319,1025,659
20356,8,339.4485,1024,660
20357,8,339.4651,1023,661
20358,8,339.4816,1022,663
20359,8,339.4987,1023,664
20360,8,339.5153,1024,664
20361,8,339.5318,1023,663
20362,8,339.5484,1021,664
20363,8,339.5655,1020,664
20364,8,339.5815,1019,666
20365,8,339.5984,1019,666
20366,8,339.6146,1021,667
20367,8,339.6313,1020,667
20368,8,339.6485,1013,667
20369,8,339.6639,1008,668
20370,8,339.6808,994,677
20371,8,339.6972,988,683
20372,8,339.7135,982,698
20373,8,339.7305,979,703
20374,8,339.7472,978,706
20375,8,339.7639,979,706
20376,8,339.7803,982,706
20377,8,339.7969,983,706
20378,8,339.8136,983,705
20379,8,339.8301,985,706
20380,8,339.8465,1013,719
20381,8,339.8637,1037,729
20382,8,339.8797,1088,753
20383,8,339.8964,1106,760
20384,8,339.9129,1118,765
20385,8,339.9297,1119,765
20386,8,339.9459,1120,764
20387,8,339.9625,1121,764
20388,8,339.9796,1119,764
20389,8,339.9956,1119,764
20390,8,340.0123,1118,764
20391,8,340.0287,1119,765
20392,8,340.0454,1119,764
20393,8,340.0624,1117,764
20394,8,340.0786,1117,763
20395,8,340.095,1120,763
20396,8,340.1122,1121,762
20397,8,340.1281,1121,766
20398,8,340.1455,1123,787
20399,8,340.1613,1124,801

20400,8,340.1778,1126,815
20401,8,340.195,1128,830
20402,8,340.211,1128,831
20403,8,340.2276,1128,829
20404,8,340.2441,1127,829
20405,8,340.2611,1123,831
20406,8,340.2773,1122,831
20407,8,340.2941,1120,829
20408,8,340.3107,1121,828
20409,8,340.3269,1125,825
20410,8,340.344,1124,826
20411,8,340.3601,1115,831
20412,8,340.3766,1111,833
20413,8,340.3939,1105,835
20414,8,340.4101,1104,835
20415,8,340.4264,1104,833
20416,8,340.4431,1101,833
20417,8,340.4595,1098,834
20418,8,340.476,1088,832
20419,8,340.4929,1013,819
20420,8,340.5092,948,806
20421,8,340.5258,812,782
20422,8,340.5423,763,773
20423,8,340.5593,731,765
20424,8,340.5754,729,765
20425,8,340.5921,729,765
20426,8,340.6088,728,765
20427,8,340.6252,727,763
20428,8,340.6417,727,762
20429,8,340.6583,726,763
20430,8,340.6748,725,764
20431,8,340.6919,722,766
20432,8,340.7079,722,767
20433,8,340.7246,721,768
20434,8,340.7412,717,776
20435,8,340.7578,695,821
20436,8,340.7744,685,843
20437,8,340.7909,636,929
20438,8,340.8074,594,995
20439,8,340.8239,586,1018
20440,8,340.8406,589,993
20441,8,340.8571,636,812
20442,8,340.8737,655,803
20443,8,340.8904,673,792
20444,8,340.9072,680,786
20445,8,340.9234,696,779
20446,8,340.9401,700,775
20447,8,340.9567,700,772
20448,8,340.9731,699,772
20449,8,340.9902,699,771
20450,8,341.0062,700,771
20451,8,341.0227,701,770
20452,8,341.0393,702,769
20453,8,341.0559,699,769
20454,8,341.0725,697,769
20455,8,341.089,692,770
20456,8,341.1056,691,771
20457,8,341.1222,693,772
20458,8,341.1387,695,772
20459,8,341.1558,696,771
20460,8,341.1721,696,770
20461,8,341.1886,694,770
20462,8,341.205,694,772
20463,8,341.2217,694,773
20464,8,341.2388,694,774
20465,8,341.2548,694,776
20466,8,341.2717,694,776
20467,8,341.2879,694,777
20468,8,341.3044,694,776
20469,8,341.3211,694,775
20470,8,341.3375,693,773
20471,8,341.3541,693,772
20472,8,341.3706,694,770
20473,8,341.3872,694,770
20474,8,341.404,696,772
20475,8,341.4208,697,774
20476,8,341.4369,698,776
20477,8,341.4535,699,777
20478,8,341.4701,699,776
20479,8,341.4868,698,777
20480,8,341.5032,698,779
20481,8,341.5199,699,776
20482,8,341.5363,709,752
20483,8,341.5529,717,735
20484,8,341.5695,730,703
20485,8,341.5861,734,694
20486,8,341.6026,734,690
20487,8,341.6192,733,690
20488,8,341.6358,732,692
20489,8,341.6524,732,693
20490,8,341.6689,732,693
20491,8,341.6855,733,692
20492,8,341.7021,733,691
20493,8,341.7185,733,690
20494,8,341.7355,733,690
20495,8,341.7517,733,689
20496,8,341.7683,733,689
20497,8,341.7849,733,689
20498,8,341.8014,732,691
20499,8,341.818,731,692

20500,8,341.8455,736,686
20501,8,341.8512,743,682
20502,8,341.8677,759,673
20503,8,341.8843,766,670
20504,8,341.9008,772,669
20505,8,341.9175,772,669
20506,8,341.9341,774,669
20507,8,341.9507,774,668
20508,8,341.9673,776,667
20509,8,341.9836,777,667
20510,8,342.0009,777,667
20511,8,342.0168,779,667
20512,8,342.0334,796,659
20513,8,342.0499,808,652
20514,8,342.0665,831,638
20515,8,342.0831,838,634
20516,8,342.0999,839,634
20517,8,342.1162,839,635
20518,8,342.1337,839,638
20519,8,342.1496,839,640
20520,8,342.1661,840,640
20521,8,342.1826,874,641
20522,8,342.1993,914,643
20523,8,342.2156,1008,648
20524,8,342.2325,1045,650
20525,8,342.2488,1078,651
20526,8,342.2655,1079,651
20527,8,342.2821,1078,652
20528,8,342.2985,1077,652
20529,8,342.3158,1075,654
20530,8,342.3318,1074,655
20531,8,342.3482,1075,653
20532,8,342.3647,1076,651
20533,8,342.3813,1077,649
20534,8,342.3987,1077,649
20535,8,342.4148,1075,652
20536,8,342.4315,1075,653
20537,8,342.4476,1075,652
20538,8,342.4641,1076,652
20539,8,342.4807,1075,650
20540,8,342.4972,1074,650
20541,8,342.5142,1074,648
20542,8,342.5304,1080,647
20543,8,342.5469,1103,643
20544,8,342.5638,1115,641
20545,8,342.5802,1132,637
20546,8,342.5966,1133,636
20547,8,342.6134,1135,638
20548,8,342.6298,1137,639
20549,8,342.6464,1140,643
20550,8,342.6636,1138,641
20551,8,342.6801,1111,629
20552,8,342.696,1089,619
20553,8,342.7131,1048,601
20554,8,342.7293,1036,597
20555,8,342.746,1030,595
20556,8,342.7624,1030,595
20557,8,342.7789,1030,593
20558,8,342.7956,1030,593
20559,8,342.812,1031,593
20560,8,342.829,1031,594
20561,8,342.8452,1032,593
20562,8,342.8626,1033,593
20563,8,342.8793,1033,594
20564,8,342.895,1032,595
20565,8,342.9116,1031,597
20566,8,342.9283,1030,598
20567,8,342.9447,1019,596
20568,8,342.9613,1006,594
20569,8,342.9778,967,592
20570,8,342.9943,948,592
20571,8,343.0109,925,593
20572,8,343.0274,922,593
20573,8,343.044,924,596
20574,8,343.0606,925,598
20575,8,343.0774,926,599
20576,8,343.0937,926,599
20577,8,343.1112,926,597
20578,8,343.1278,925,597
20579,8,343.1435,928,595
20580,8,343.16,933,592
20581,8,343.1766,943,586
20582,8,343.1931,968,575
20583,8,343.2098,979,571
20584,8,343.2262,991,569
20585,8,343.2429,991,568
20586,8,343.2593,989,570
20587,8,343.2767,987,572
20588,8,343.2924,985,573
20589,8,343.309,986,574
20590,8,343.326,988,574
20591,8,343.3424,989,574
20592,8,343.3587,991,576
20593,8,343.3752,990,576
20594,8,343.3919,989,576
20595,8,343.4084,988,574
20596,8,343.425,987,572
20597,8,343.4415,987,573
20598,8,343.458,985,574
20599,8,343.4746,984,574

20600,8,343.492,985,572
20601,8,343.508,986,571
20602,8,343.5244,989,570
20603,8,343.541,988,572
20604,8,343.5575,946,582
20605,8,343.5744,897,592
20606,8,343.5908,778,614
20607,8,343.6072,728,623
20608,8,343.6241,680,636
20609,8,343.6403,675,639
20610,8,343.6571,676,642
20611,8,343.6734,676,642
20612,8,343.6905,677,642
20613,8,343.7065,677,642
20614,8,343.7231,677,642
20615,8,343.7397,677,643
20616,8,343.7563,677,645
20617,8,343.7728,676,645
20618,8,343.7899,675,645
20619,8,343.8059,673,645
20620,8,343.8226,659,645
20621,8,343.8391,651,644
20622,8,343.8559,636,643
20623,8,343.8727,631,643
20624,8,343.8889,630,642
20625,8,343.9054,628,642
20626,8,343.9225,626,640
20627,8,343.9386,627,638
20628,8,343.9551,628,638
20629,8,343.9719,628,638
20630,8,343.9882,625,637
20631,8,344.0049,621,634
20632,8,344.0222,615,631
20633,8,344.0379,611,628
20634,8,344.0544,607,627
20635,8,344.0714,606,626
20636,8,344.0876,605,624
20637,8,344.1042,606,625
20638,8,344.1207,609,625
20639,8,344.1376,610,626
20640,8,344.1539,613,627
20641,8,344.1707,613,626
20642,8,344.1874,611,625
20643,8,344.2036,608,623
20644,8,344.2204,605,620
20645,8,344.2367,604,618
20646,8,344.2534,603,614
20647,8,344.2708,602,613
20648,8,344.2865,603,612
20649,8,344.303,604,613
20650,8,344.3197,606,616
20651,8,344.3362,606,618
20652,8,344.353,607,621
20653,8,344.3693,609,621
20654,8,344.386,613,620
20655,8,344.4024,615,619
20656,8,344.4192,616,619
20657,8,344.4355,618,617
20658,8,344.4524,619,615
20659,8,344.4688,619,611
20660,8,344.4854,619,610
20661,8,344.5024,618,610
20662,8,344.5183,618,610
20663,8,344.5349,617,611
20664,8,344.552,617,611
20665,8,344.5681,616,611
20666,8,344.5847,616,611
20667,8,344.6013,616,610
20668,8,344.6178,615,610
20669,8,344.6345,615,622
20670,8,344.6518,617,636
20671,8,344.6678,619,673
20672,8,344.684,620,689
20673,8,344.7006,620,705
20674,8,344.7172,619,706
20675,8,344.7338,620,711
20676,8,344.7503,622,720
20677,8,344.7669,631,747
20678,8,344.7838,637,761
20679,8,344.8008,643,775
20680,8,344.8167,644,775
20681,8,344.8332,644,774
20682,8,344.8497,645,773
20683,8,344.8663,646,773
20684,8,344.8831,646,773
20685,8,344.8997,645,773
20686,8,344.9164,646,773
20687,8,344.9327,647,773
20688,8,344.9492,648,774
20689,8,344.9658,657,776
20690,8,344.9823,663,778
20691,8,344.9988,676,782
20692,8,345.0159,679,783
20693,8,345.032,680,782
20694,8,345.0486,680,780
20695,8,345.0656,680,779
20696,8,345.0817,681,778
20697,8,345.0982,681,779
20698,8,345.1148,682,780
20699,8,345.1315,682,782

20700,8,345.1487,683,783
20701,8,345.1653,683,784
20702,8,345.1818,682,784
20703,8,345.1984,683,783
20704,8,345.2149,683,783
20705,8,345.2316,685,780
20706,8,345.248,686,779
20707,8,345.2647,687,776
20708,8,345.2811,686,775
20709,8,345.2979,686,774
20710,8,345.3143,685,775
20711,8,345.331,684,775
20712,8,345.3474,682,776
20713,8,345.3644,680,776
20714,8,345.3805,679,775
20715,8,345.3973,678,774
20716,8,345.4137,673,767
20717,8,345.4308,667,762
20718,8,345.4471,655,749
20719,8,345.4635,651,744
20720,8,345.4799,648,741
20721,8,345.4967,648,742
20722,8,345.5131,648,745
20723,8,345.53,647,746
20724,8,345.5465,648,746
20725,8,345.5628,649,745
20726,8,345.5793,649,743
20727,8,345.596,649,743
20728,8,345.6125,649,744
20729,8,345.6296,649,745
20730,8,345.6458,645,732
20731,8,345.6622,642,717
20732,8,345.6789,638,681
20733,8,345.6954,637,667
20734,8,345.7121,638,655
20735,8,345.7286,639,655
20736,8,345.7457,640,654
20737,8,345.7616,641,655
20738,8,345.7781,641,654
20739,8,345.7948,640,654
20740,8,345.8115,638,653
20741,8,345.8279,637,653
20742,8,345.8444,635,656
20743,8,345.861,635,657
20744,8,345.878,638,657
20745,8,345.8942,640,656
20746,8,345.9108,643,653
20747,8,345.9274,644,651
20748,8,345.9438,641,651
20749,8,345.9606,640,651
20750,8,345.9769,639,650
20751,8,345.9939,639,651
20752,8,346.0105,638,651
20753,8,346.0273,638,652
20754,8,346.0433,638,652
20755,8,346.0598,638,651
20756,8,346.0769,639,651
20757,8,346.0929,639,652
20758,8,346.1097,639,654
20759,8,346.1262,639,653
20760,8,346.143,640,653
20761,8,346.1591,641,653
20762,8,346.1762,641,655
20763,8,346.1929,641,656
20764,8,346.2089,638,655
20765,8,346.2263,638,654
20766,8,346.242,638,655
20767,8,346.2593,637,656
20768,8,346.2751,637,658
20769,8,346.2917,636,658
20770,8,346.3083,636,657
20771,8,346.3248,635,656
20772,8,346.3414,638,654
20773,8,346.3579,648,652
20774,8,346.3746,696,639
20775,8,346.3919,728,631
20776,8,346.408,781,617
20777,8,346.4242,793,614
20778,8,346.4409,801,611
20779,8,346.4577,802,611
20780,8,346.4745,802,610
20781,8,346.4906,802,610
20782,8,346.5073,802,610
20783,8,346.5236,800,612
20784,8,346.5402,799,614
20785,8,346.5571,797,616
20786,8,346.5734,797,615
20787,8,346.5899,799,613
20788,8,346.6065,799,613
20789,8,346.623,799,612
20790,8,346.6396,799,612
20791,8,346.6573,799,613
20792,8,346.6729,800,613
20793,8,346.6892,801,612
20794,8,346.706,801,611
20795,8,346.7224,801,610
20796,8,346.739,801,610
20797,8,346.7556,804,618
20798,8,346.7724,796,645
20799,8,346.7887,745,749

20800,8,346.8068,703,828
20801,8,346.8233,673,869
20802,8,346.8401,612,932
20803,8,346.8564,738,999
20804,8,346.8736,756,846
20805,8,346.89,849,774
20806,8,346.9062,879,746
20807,8,346.9226,946,665
20808,8,346.9395,959,640
20809,8,346.956,961,626
20810,8,346.9723,963,625
20811,8,346.9892,969,625
20812,8,347.0056,970,625
20813,8,347.0221,969,629
20814,8,347.0387,967,629
20815,8,347.0552,964,625
20816,8,347.0718,962,625
20817,8,347.0884,958,627
20818,8,347.1051,957,628
20819,8,347.1215,957,628
20820,8,347.1382,957,625
20821,8,347.1546,957,622
20822,8,347.1711,955,622
20823,8,347.1879,956,621
20824,8,347.2052,964,618
20825,8,347.2209,987,605
20826,8,347.2377,999,596
20827,8,347.254,1013,583
20828,8,347.2708,1014,581
20829,8,347.2872,1014,579
20830,8,347.3039,1014,578
20831,8,347.3204,1014,578
20832,8,347.3369,1013,578
20833,8,347.3535,1009,577
20834,8,347.3701,1007,577
20835,8,347.3867,1000,572
20836,8,347.4031,994,568
20837,8,347.4197,984,560
20838,8,347.4365,979,556
20839,8,347.4529,977,554
20840,8,347.4694,976,553
20841,8,347.486,977,553
20842,8,347.5026,977,554
20843,8,347.5191,977,553
20844,8,347.5358,977,553
20845,8,347.5523,976,552
20846,8,347.5688,975,553
20847,8,347.5854,977,557
20848,8,347.602,977,558
20849,8,347.6185,976,557
20850,8,347.6351,974,556
20851,8,347.6517,974,556
20852,8,347.6682,976,557
20853,8,347.6852,982,560
20854,8,347.7014,986,559
20855,8,347.7179,989,560
20856,8,347.735,988,560
20857,8,347.7513,987,561
20858,8,347.7676,987,561
20859,8,347.7846,988,560
20860,8,347.8008,990,559
20861,8,347.8175,991,555
20862,8,347.8341,990,555
20863,8,347.851,988,557
20864,8,347.8676,988,559
20865,8,347.8839,988,562
20866,8,347.9003,989,562
20867,8,347.9171,990,562
20868,8,347.9334,990,565
20869,8,347.9501,988,573
20870,8,347.9665,982,603
20871,8,347.9832,978,620
20872,8,347.9997,973,644
20873,8,348.0162,972,649
20874,8,348.0327,972,651
20875,8,348.0494,972,651
20876,8,348.066,972,650
20877,8,348.0825,970,650
20878,8,348.099,969,651
20879,8,348.1156,969,653
20880,8,348.1322,963,664
20881,8,348.1487,959,671
20882,8,348.1653,950,684
20883,8,348.1819,948,687
20884,8,348.1984,950,687
20885,8,348.2149,950,686
20886,8,348.2315,949,685
20887,8,348.2481,948,686
20888,8,348.2646,947,688
20889,8,348.2818,948,689
20890,8,348.2982,948,689
20891,8,348.3144,947,688
20892,8,348.331,946,688
20893,8,348.3475,945,688
20894,8,348.3641,945,690
20895,8,348.3806,945,690
20896,8,348.3972,944,691
20897,8,348.4138,945,692
20898,8,348.4304,946,694
20899,8,348.447,946,696

20900,8,348.466,950,690
20901,8,348.4826,956,678
20902,8,348.4991,973,642
20903,8,348.5158,981,624
20904,8,348.5325,988,606
20905,8,348.5488,987,605
20906,8,348.5656,988,606
20907,8,348.582,988,606
20908,8,348.5984,989,607
20909,8,348.615,989,606
20910,8,348.6315,990,603
20911,8,348.6481,990,602
20912,8,348.6647,990,602
20913,8,348.6812,989,602
20914,8,348.6979,989,601
20915,8,348.7144,989,599
20916,8,348.731,991,591
20917,8,348.7476,993,589
20918,8,348.7641,996,591
20919,8,348.7805,998,592
20920,8,348.7972,997,593
20921,8,348.8138,998,594
20922,8,348.8303,998,594
20923,8,348.8477,997,595
20924,8,348.8635,995,592
20925,8,348.88,995,590
20926,8,348.897,995,586
20927,8,348.9132,995,585
20928,8,348.9297,995,586
20929,8,348.9463,995,586
20930,8,348.9629,994,585
20931,8,348.9794,995,584
20932,8,348.996,994,588
20933,8,349.0126,999,596
20934,8,349.0292,981,661
20935,8,349.0457,948,716
20936,8,349.0623,867,832
20937,8,349.0788,883,902
20938,8,349.0954,984,915
20939,8,349.112,1043,858
20940,8,349.1287,1023,760
20941,8,349.1451,993,708
20942,8,349.1617,982,683
20943,8,349.1782,974,669
20944,8,349.1952,968,665
20945,8,349.2114,967,666
20946,8,349.2284,964,668
20947,8,349.2446,964,669
20948,8,349.2613,964,669
20949,8,349.2776,963,670
20950,8,349.2944,964,672
20951,8,349.3109,964,670
20952,8,349.3274,964,669
20953,8,349.3439,966,667
20954,8,349.3605,966,668
20955,8,349.377,965,669
20956,8,349.3936,964,670
20957,8,349.4101,963,671
20958,8,349.4271,964,672
20959,8,349.4433,966,673
20960,8,349.4599,967,672
20961,8,349.4766,969,671
20962,8,349.4931,969,669
20963,8,349.5097,969,669
20964,8,349.5262,968,669
20965,8,349.5427,966,667
20966,8,349.5592,965,666
20967,8,349.5758,964,665
20968,8,349.5924,963,665
20969,8,349.609,965,667
20970,8,349.6255,965,667
20971,8,349.6421,966,667
20972,8,349.6586,966,666
20973,8,349.6754,967,665
20974,8,349.6917,967,664
20975,8,349.709,966,665
20976,8,349.7251,967,665
20977,8,349.7416,967,665
20978,8,349.7579,968,664
20979,8,349.7748,969,661
20980,8,349.7911,970,660
20981,8,349.8076,970,663
20982,8,349.8242,968,664
20983,8,349.8408,968,667
20984,8,349.8574,970,667
20985,8,349.8739,974,666
20986,8,349.8913,973,666
20987,8,349.9074,965,668
20988,8,349.9236,961,671
20989,8,349.9402,954,676
20990,8,349.9571,954,677
20991,8,349.9734,954,678
20992,8,349.9899,953,679
20993,8,350.0068,955,682
20994,8,350.023,956,682
20995,8,350.0396,958,682
20996,8,350.0566,957,682
20997,8,350.0727,951,683
20998,8,350.0894,949,684
20999,8,350.1062,946,685

21000,8,350.1243,947,686
21001,8,350.1408,953,688
21002,8,350.1574,955,690
21003,8,350.1741,958,689
21004,8,350.1905,957,688
21005,8,350.207,955,688
21006,8,350.2237,954,691
21007,8,350.2405,952,697
21008,8,350.2568,952,698
21009,8,350.274,952,697
21010,8,350.2903,954,696
21011,8,350.3065,961,694
21012,8,350.3231,966,695
21013,8,350.3404,968,696
21014,8,350.3562,967,696
21015,8,350.3728,967,701
21016,8,350.3893,968,703
21017,8,350.4059,968,705
21018,8,350.4225,968,705
21019,8,350.4391,965,704
21020,8,350.4556,964,704
21021,8,350.4722,967,705
21022,8,350.4888,969,705
21023,8,350.5054,972,704
21024,8,350.5219,971,704
21025,8,350.5387,970,705
21026,8,350.555,970,707
21027,8,350.5723,969,708
21028,8,350.5882,969,707
21029,8,350.6048,970,706
21030,8,350.6213,972,706
21031,8,350.6385,972,706
21032,8,350.6546,972,706
21033,8,350.6711,973,706
21034,8,350.6875,974,702
21035,8,350.7043,973,700
21036,8,350.7207,969,699
21037,8,350.7372,967,700
21038,8,350.7539,967,701
21039,8,350.7706,967,701
21040,8,350.7869,967,700
21041,8,350.8036,968,700
21042,8,350.8201,970,700
21043,8,350.837,971,699
21044,8,350.8532,972,700
21045,8,350.8699,973,700
21046,8,350.8864,974,699
21047,8,350.9032,974,699
21048,8,350.9197,974,698
21049,8,350.9364,974,698
21050,8,350.9533,975,698
21051,8,350.9692,975,697
21052,8,350.9858,972,696
21053,8,351.0024,970,695
21054,8,351.0189,969,694
21055,8,351.0354,969,695
21056,8,351.052,969,695
21057,8,351.0685,969,694
21058,8,351.0851,969,693
21059,8,351.1019,969,694
21060,8,351.1183,971,694
21061,8,351.135,972,695
21062,8,351.1514,973,695
21063,8,351.169,972,695
21064,8,351.1847,973,695
21065,8,351.2012,973,695
21066,8,351.2177,973,695
21067,8,351.2343,973,695
21068,8,351.2509,972,695
21069,8,351.2674,972,696
21070,8,351.284,972,698
21071,8,351.3005,972,698
21072,8,351.3171,973,698
21073,8,351.3336,973,699
21074,8,351.3503,976,698
21075,8,351.3669,976,698
21076,8,351.3834,976,698
21077,8,351.3999,976,698
21078,8,351.4166,976,698
21079,8,351.4331,977,697
21080,8,351.4496,978,696
21081,8,351.4662,979,696
21082,8,351.4828,980,695
21083,8,351.4993,979,695
21084,8,351.5159,979,695
21085,8,351.5326,978,695
21086,8,351.5492,978,694
21087,8,351.5657,977,694
21088,8,351.5822,977,693
21089,8,351.5988,977,693
21090,8,351.6153,978,695
21091,8,351.6318,978,695
21092,8,351.6485,977,698
21093,8,351.665,976,699
21094,8,351.6816,977,697
21095,8,351.6982,978,696
21096,8,351.7148,980,695
21097,8,351.7312,979,695
21098,8,351.748,978,694
21099,8,351.7643,977,694

21100,8,351.7963,975,694
21101,8,351.8129,975,696
21102,8,351.8296,977,697
21103,8,351.8461,977,698
21104,8,351.8629,977,697
21105,8,351.8792,976,697
21106,8,351.8958,976,697
21107,8,351.9125,976,697
21108,8,351.929,976,698
21109,8,351.9456,976,699
21110,8,351.9621,975,700
21111,8,351.9786,974,700
21112,8,351.9954,974,702
21113,8,352.0119,974,703
21114,8,352.0283,976,703
21115,8,352.045,978,703
21116,8,352.0615,978,702
21117,8,352.0779,978,701
21118,8,352.0945,978,701
21119,8,352.1117,978,701
21120,8,352.1277,977,702
21121,8,352.1443,977,702
21122,8,352.1609,976,704
21123,8,352.1774,976,705
21124,8,352.1942,977,704
21125,8,352.2106,978,704
21126,8,352.2272,977,704
21127,8,352.2438,977,704
21128,8,352.2603,974,705
21129,8,352.2768,974,705
21130,8,352.2934,973,705
21131,8,352.3108,973,705
21132,8,352.3265,974,704
21133,8,352.3434,974,704
21134,8,352.3597,975,704
21135,8,352.3762,975,705
21136,8,352.3937,974,706
21137,8,352.4093,975,706
21138,8,352.4262,977,707
21139,8,352.4424,976,707
21140,8,352.4591,975,706
21141,8,352.4756,974,704
21142,8,352.4922,974,703
21143,8,352.5088,977,701
21144,8,352.5253,979,700
21145,8,352.5418,980,700
21146,8,352.5584,981,700
21147,8,352.5749,979,700
21148,8,352.5915,978,700
21149,8,352.608,977,698
21150,8,352.6251,976,697
21151,8,352.6411,978,696
21152,8,352.6578,980,695
21153,8,352.6752,981,694
21154,8,352.6908,981,695
21155,8,352.7074,981,694
21156,8,352.7244,982,693
21157,8,352.7406,983,692
21158,8,352.7571,983,692
21159,8,352.7737,980,694
21160,8,352.7903,979,694
21161,8,352.8068,979,694
21162,8,352.8236,979,693
21163,8,352.8401,979,692
21164,8,352.8568,978,692
21165,8,352.8731,978,693
21166,8,352.8898,978,693
21167,8,352.9064,978,693
21168,8,352.923,978,693
21169,8,352.9394,977,693
21170,8,352.9563,977,693
21171,8,352.9725,979,693
21172,8,352.9891,980,692
21173,8,353.0057,981,692
21174,8,353.0223,981,691
21175,8,353.0392,983,691
21176,8,353.0557,984,690
21177,8,353.072,983,692
21178,8,353.0886,982,693
21179,8,353.1054,980,694
21180,8,353.1216,978,695
21181,8,353.1384,976,694
21182,8,353.1548,976,694
21183,8,353.1714,976,692
21184,8,353.1884,976,692
21185,8,353.2045,979,691
21186,8,353.2212,981,690
21187,8,353.2376,982,689
21188,8,353.2546,983,689
21189,8,353.2708,983,688
21190,8,353.2874,983,689
21191,8,353.3042,982,690
21192,8,353.3209,982,690
21193,8,353.3371,982,691
21194,8,353.3537,982,691
21195,8,353.3703,982,693
21196,8,353.3868,981,694
21197,8,353.4034,979,698
21198,8,353.42,978,698
21199,8,353.4366,973,696

21200,8,353.453,969,694
21201,8,353.4698,961,691
21202,8,353.4861,958,690
21203,8,353.5028,957,690
21204,8,353.5194,958,690
21205,8,353.536,958,688
21206,8,353.5525,958,685
21207,8,353.5692,958,685
21208,8,353.5856,957,684
21209,8,353.6024,958,685
21210,8,353.6187,959,685
21211,8,353.6354,959,685
21212,8,353.652,959,684
21213,8,353.6684,959,683
21214,8,353.685,955,684
21215,8,353.7015,954,685
21216,8,353.7181,956,687
21217,8,353.7347,958,688
21218,8,353.7512,961,690
21219,8,353.7679,960,691
21220,8,353.7844,956,693
21221,8,353.801,953,694
21222,8,353.8176,952,694
21223,8,353.8341,953,693
21224,8,353.8507,957,692
21225,8,353.8672,958,693
21226,8,353.8838,959,695
21227,8,353.9003,958,695
21228,8,353.917,957,694
21229,8,353.9336,957,694
21230,8,353.95,958,694
21231,8,353.9666,959,695
21232,8,353.9832,958,698
21233,8,353.9997,959,698
21234,8,354.0162,960,697
21235,8,354.0329,961,696
21236,8,354.0494,961,698
21237,8,354.066,960,700
21238,8,354.0825,959,701
21239,8,354.0995,959,702
21240,8,354.1158,962,702
21241,8,354.1323,962,703
21242,8,354.1489,963,701
21243,8,354.1654,962,699
21244,8,354.1819,960,696
21245,8,354.1986,960,696
21246,8,354.2151,961,699
21247,8,354.2322,962,700
21248,8,354.2483,961,701
21249,8,354.2648,962,701
21250,8,354.2814,963,703
21251,8,354.2979,963,704
21252,8,354.3145,963,704
21253,8,354.3311,963,703
21254,8,354.3477,963,702
21255,8,354.3643,962,701
21256,8,354.3808,962,702
21257,8,354.3974,963,703
21258,8,354.4141,962,704
21259,8,354.4305,962,705
21260,8,354.4471,960,705
21261,8,354.4636,958,698
21262,8,354.4803,952,666
21263,8,354.4968,950,649
21264,8,354.5137,950,625
21265,8,354.53,950,622
21266,8,354.5466,949,624
21267,8,354.5631,947,624
21268,8,354.5797,946,624
21269,8,354.5965,946,624
21270,8,354.6129,946,623
21271,8,354.6294,946,623
21272,8,354.6465,947,620
21273,8,354.6629,952,615
21274,8,354.6792,969,597
21275,8,354.6956,978,588
21276,8,354.7125,991,575
21277,8,354.7288,992,573
21278,8,354.7456,992,573
21279,8,354.762,990,576
21280,8,354.7785,989,577
21281,8,354.7952,987,580
21282,8,354.8119,987,582
21283,8,354.8282,987,583
21284,8,354.8447,988,582
21285,8,354.8619,970,580
21286,8,354.8779,950,578
21287,8,354.8944,900,574
21288,8,354.9111,880,573
21289,8,354.9284,863,573
21290,8,354.9442,862,573
21291,8,354.9607,860,574
21292,8,354.9773,859,573
21293,8,354.9939,860,572
21294,8,355.0103,861,571
21295,8,355.0269,865,570
21296,8,355.0434,865,571
21297,8,355.0605,863,571
21298,8,355.0767,863,570
21299,8,355.0931,862,569

21300,8,355.1223,856,571
21301,8,355.1389,849,571
21302,8,355.1555,847,571
21303,8,355.1723,848,571
21304,8,355.1887,849,571
21305,8,355.2052,849,571
21306,8,355.2217,848,570
21307,8,355.2383,847,570
21308,8,355.2548,846,570
21309,8,355.2721,847,572
21310,8,355.2883,848,574
21311,8,355.3046,847,576
21312,8,355.3213,846,577
21313,8,355.3377,844,575
21314,8,355.3543,841,570
21315,8,355.3708,829,558
21316,8,355.3878,823,550
21317,8,355.404,816,543
21318,8,355.4212,817,544
21319,8,355.4373,818,546
21320,8,355.4537,817,547
21321,8,355.4708,816,544
21322,8,355.4869,816,542
21323,8,355.5035,818,538
21324,8,355.5201,819,537
21325,8,355.5366,820,538
21326,8,355.553,820,540
21327,8,355.5698,815,541
21328,8,355.5862,813,541
21329,8,355.6028,811,538
21330,8,355.6194,812,538
21331,8,355.636,812,537
21332,8,355.6525,811,536
21333,8,355.6692,812,534
21334,8,355.6857,814,534
21335,8,355.7025,813,532
21336,8,355.7189,808,529
21337,8,355.7354,797,524
21338,8,355.7519,794,523
21339,8,355.7685,793,522
21340,8,355.785,792,523
21341,8,355.802,790,521
21342,8,355.8181,789,522
21343,8,355.835,789,519
21344,8,355.8516,789,516
21345,8,355.868,787,509
21346,8,355.8845,786,506
21347,8,355.9011,785,503
21348,8,355.9176,784,500
21349,8,355.9344,783,501
21350,8,355.9511,782,503
21351,8,355.9674,781,504
21352,8,355.9839,781,507
21353,8,356.0004,781,507
21354,8,356.0169,778,507
21355,8,356.0337,778,508
21356,8,356.0501,777,509
21357,8,356.0668,778,510
21358,8,356.0834,778,508
21359,8,356.0998,778,507
21360,8,356.1172,781,506
21361,8,356.1331,784,505
21362,8,356.1496,788,505
21363,8,356.1662,788,504
21364,8,356.1831,788,501
21365,8,356.1993,787,501
21366,8,356.2159,786,502
21367,8,356.2324,787,503
21368,8,356.249,786,505
21369,8,356.2656,785,503
21370,8,356.2828,784,499
21371,8,356.2986,784,499
21372,8,356.3152,785,500
21373,8,356.3319,786,501
21374,8,356.3485,787,500
21375,8,356.365,788,500
21376,8,356.382,789,498
21377,8,356.3981,788,498
21378,8,356.4146,784,498
21379,8,356.4312,782,498
21380,8,356.4476,779,497
21381,8,356.4649,786,497
21382,8,356.4815,839,509
21383,8,356.4977,898,523
21384,8,356.5141,1037,555
21385,8,356.5306,1091,567
21386,8,356.5471,1146,579
21387,8,356.5637,1148,581
21388,8,356.5803,1145,582
21389,8,356.5969,1145,582
21390,8,356.6135,1144,584
21391,8,356.6299,1143,584
21392,8,356.6465,1143,586
21393,8,356.663,1149,586
21394,8,356.6797,1170,586
21395,8,356.6962,1181,586
21396,8,356.7128,1196,586
21397,8,356.7293,1198,587
21398,8,356.746,1199,586
21399,8,356.7625,1201,582

21400,8,356.7791,1208,566
21401,8,356.7956,1211,557
21402,8,356.8122,1218,543
21403,8,356.8287,1219,542
21404,8,356.8453,1220,544
21405,8,356.8623,1221,544
21406,8,356.8784,1222,543
21407,8,356.895,1222,542
21408,8,356.9117,1222,542
21409,8,356.9282,1222,542
21410,8,356.9448,1221,543
21411,8,356.9613,1221,543
21412,8,356.9779,1223,542
21413,8,356.9945,1223,541
21414,8,357.0112,1221,539
21415,8,357.0275,1217,544
21416,8,357.0443,1200,587
21417,8,357.0607,1187,631
21418,8,357.0774,1173,683
21419,8,357.0939,1147,783
21420,8,357.1107,1134,836
21421,8,357.1274,1132,845
21422,8,357.1437,1132,848
21423,8,357.1605,1132,848
21424,8,357.1768,1132,848
21425,8,357.1931,1132,846
21426,8,357.2106,1130,845
21427,8,357.2263,1129,845
21428,8,357.243,1128,845
21429,8,357.2594,1126,846
21430,8,357.2759,1124,845
21431,8,357.2926,1120,839
21432,8,357.3097,1119,836
21433,8,357.335,1120,832
21434,8,357.3424,1121,831
21435,8,357.3589,1120,831
21436,8,357.3755,1120,830
21437,8,357.3921,1121,829
21438,8,357.4085,1121,829
21439,8,357.4251,1122,830
21440,8,357.4417,1125,833
21441,8,357.4582,1133,841
21442,8,357.4748,1138,845
21443,8,357.4914,1145,849
21444,8,357.5084,1145,849
21445,8,357.5245,1143,850
21446,8,357.5418,1142,851
21447,8,357.5582,1142,852
21448,8,357.5742,1143,852
21449,8,357.5907,1145,853
21450,8,357.6073,1148,854
21451,8,357.6238,1150,856
21452,8,357.6406,1153,858
21453,8,357.657,1158,864
21454,8,357.674,1160,869
21455,8,357.6901,1164,877
21456,8,357.7073,1165,879
21457,8,357.7232,1167,881
21458,8,357.7401,1168,882
21459,8,357.7563,1168,882
21460,8,357.7729,1167,882
21461,8,357.7896,1165,881
21462,8,357.8062,1164,880
21463,8,357.8227,1164,879
21464,8,357.8394,1165,878
21465,8,357.8563,1164,877
21466,8,357.8723,1164,878
21467,8,357.889,1164,882
21468,8,357.9055,1164,885
21469,8,357.9223,1165,887
21470,8,357.9389,1164,887
21471,8,357.9553,1164,886
21472,8,357.9718,1163,886
21473,8,357.9885,1162,886
21474,8,358.0049,1162,886
21475,8,358.022,1163,888
21476,8,358.0381,1165,889
21477,8,358.0549,1165,889
21478,8,358.0712,1147,888
21479,8,358.0879,1112,882
21480,8,358.1043,964,859
21481,8,358.1208,876,845
21482,8,358.1375,745,823
21483,8,358.154,721,818
21484,8,358.1706,713,817
21485,8,358.1874,713,818
21486,8,358.2037,715,819
21487,8,358.2203,717,820
21488,8,358.2368,720,820
21489,8,358.2534,721,819
21490,8,358.27,722,819
21491,8,358.2867,722,819
21492,8,358.3031,725,823
21493,8,358.3199,728,826
21494,8,358.3363,735,832
21495,8,358.3529,738,833
21496,8,358.3694,740,833
21497,8,358.3862,739,833
21498,8,358.4026,738,832
21499,8,358.4191,737,831

21500,8,358.4357,738,830
21501,8,358.4526,739,830
21502,8,358.4688,741,830
21503,8,358.4854,740,827
21504,8,358.502,736,818
21505,8,358.5184,734,814
21506,8,358.5353,731,807
21507,8,358.5516,731,807
21508,8,358.5686,747,807
21509,8,358.5848,761,808
21510,8,358.6014,791,812
21511,8,358.6178,800,813
21512,8,358.6345,804,813
21513,8,358.651,803,811
21514,8,358.6676,801,810
21515,8,358.6842,801,810
21516,8,358.7008,802,811
21517,8,358.7173,803,811
21518,8,358.7339,804,812
21519,8,358.7506,804,812
21520,8,358.767,803,811
21521,8,358.7835,803,811
21522,8,358.8004,802,810
21523,8,358.8167,802,811
21524,8,358.8333,807,812
21525,8,358.8499,809,812
21526,8,358.8669,810,812
21527,8,358.8832,810,811
21528,8,358.8997,809,809
21529,8,358.9165,810,809
21530,8,358.9329,809,809
21531,8,358.9494,808,810
21532,8,358.9661,806,812
21533,8,358.9825,807,812
21534,8,358.9992,809,812
21535,8,359.0156,809,813
21536,8,359.0321,808,814
21537,8,359.0486,805,815
21538,8,359.0653,804,815
21539,8,359.0818,802,814
21540,8,359.0985,801,813
21541,8,359.1149,802,811
21542,8,359.132,803,810
21543,8,359.148,804,809
21544,8,359.1647,803,809
21545,8,359.1812,803,807
21546,8,359.1977,806,791
21547,8,359.2146,821,723
21548,8,359.2309,833,673
21549,8,359.2474,851,588
21550,8,359.2643,857,566
21551,8,359.2806,863,551
21552,8,359.2972,863,552
21553,8,359.3137,863,554
21554,8,359.3307,861,554
21555,8,359.3468,857,553
21556,8,359.3634,856,553
21557,8,359.38,855,553
21558,8,359.3966,856,554
21559,8,359.4131,859,554
21560,8,359.4297,858,553
21561,8,359.4463,846,544
21562,8,359.4629,836,541
21563,8,359.4795,819,535
21564,8,359.496,815,535
21565,8,359.5125,815,533
21566,8,359.5291,816,532
21567,8,359.5456,817,531
21568,8,359.5623,817,533
21569,8,359.5787,817,536
21570,8,359.5955,818,535
21571,8,359.6119,818,534
21572,8,359.6284,817,536
21573,8,359.6455,813,565
21574,8,359.6616,811,603
21575,8,359.6782,808,707
21576,8,359.6948,807,757
21577,8,359.7114,804,820
21578,8,359.7279,802,830
21579,8,359.7445,801,833
21580,8,359.761,802,832
21581,8,359.7776,803,829
21582,8,359.7941,804,827
21583,8,359.8114,805,824
21584,8,359.8272,806,823
21585,8,359.8447,805,822
21586,8,359.8607,803,821
21587,8,359.877,800,820
21588,8,359.8941,800,818
21589,8,359.9101,797,812
21590,8,359.9268,796,808
21591,8,359.9433,793,801
21592,8,359.9598,791,799
21593,8,359.9767,788,799
21594,8,359.9929,786,799
21595,8,360.0095,784,800
21596,8,360.0263,783,800
21597,8,360.0427,781,792
21598,8,360.0592,785,770
21599,8,360.076,800,682

21600,8,360.097,811,628
21601,8,360.1137,827,546
21602,8,360.1302,830,530
21603,8,360.1468,833,525
21604,8,360.1634,834,528
21605,8,360.1801,835,534
21606,8,360.1966,835,536
21607,8,360.2136,834,538
21608,8,360.2297,835,537
21609,8,360.2463,836,534
21610,8,360.2628,836,532
21611,8,360.2794,836,529
21612,8,360.2959,835,529
21613,8,360.3124,834,527
21614,8,360.329,835,527
21615,8,360.3456,839,529
21616,8,360.3622,841,534
21617,8,360.3788,844,548
21618,8,360.3956,845,554
21619,8,360.4121,845,561
21620,8,360.4284,845,561
21621,8,360.4451,845,559
21622,8,360.4617,845,559
21623,8,360.4782,845,558
21624,8,360.4952,843,561
21625,8,360.5117,834,575
21626,8,360.528,830,590
21627,8,360.5444,822,607
21628,8,360.5615,814,618
21629,8,360.5775,830,701
21630,8,360.5941,830,701
21631,8,360.6106,830,701
21632,8,360.6273,830,701
21633,8,360.6438,830,701
21634,8,360.6605,409,951
21635,8,360.6769,477,924
21636,8,360.694,586,896
21637,8,360.7105,675,845
21638,8,360.7266,723,819
21639,8,360.7433,759,794
21640,8,360.7597,764,788
21641,8,360.7766,766,782
21642,8,360.7928,765,780
21643,8,360.8098,764,777
21644,8,360.826,764,777
21645,8,360.8426,764,779
21646,8,360.8599,764,779
21647,8,360.8756,765,779
21648,8,360.8922,765,778
21649,8,360.9088,765,779
21650,8,360.9255,765,780
21651,8,360.942,767,780
21652,8,360.9585,769,779
21653,8,360.9754,767,777
21654,8,360.9917,763,777
21655,8,361.0083,754,780
21656,8,361.0248,750,782
21657,8,361.0415,748,784
21658,8,361.0579,749,783
21659,8,361.075,753,782
21660,8,361.0911,754,783
21661,8,361.1077,757,779
21662,8,361.1242,775,731
21663,8,361.141,789,685
21664,8,361.1573,815,580
21665,8,361.174,821,541
21666,8,361.1908,821,511
21667,8,361.2071,819,510
21668,8,361.2235,817,510
21669,8,361.241,817,510
21670,8,361.2571,816,511
21671,8,361.2733,815,511
21672,8,361.2904,814,512
21673,8,361.3064,816,515
21674,8,361.323,818,522
21675,8,361.3395,818,524
21676,8,361.3564,816,525
21677,8,361.3727,816,524
21678,8,361.3893,814,525
21679,8,361.4062,814,526
21680,8,361.4224,813,525
21681,8,361.4389,813,523
21682,8,361.4555,813,520
21683,8,361.4726,813,519
21684,8,361.4887,814,520
21685,8,361.5053,814,521
21686,8,361.5222,814,523
21687,8,361.5385,814,523
21688,8,361.5557,812,536
21689,8,361.5717,811,557
21690,8,361.5881,809,626
21691,8,361.6046,808,663
21692,8,361.6216,810,708
21693,8,361.6378,810,714
21694,8,361.6543,833,715
21695,8,361.6711,867,716
21696,8,361.6875,971,723
21697,8,361.7042,1021,726
21698,8,361.7207,1080,725
21699,8,361.7372,1087,724

